base npc stats (for levels 0 to 84):
def = 
{  123,  128,  134,  138,  143,  148,  153,  158,  162,  167,  175,  183,  185,  187,  190,  192,  202,  206,  210,  214,
   220,  224,  239,  245,  250,  256,  261,  267,  285,  291,  311,  320,  328,  337,  356,  365,  385,  394,  402,  411,
   432,  443,  465,  476,  486,  497,  517,  527,  550,  561,  575,  588,  610,  624,  649,  662,  676,  690,  711,  725,
   752,  769,  784,  799,  822,  837,  878,  893,  909,  924,  949,  968, 1011, 1030, 1049, 1067, 1090, 1109, 1155, 1174,
  1223, 1247, 1271, 1295, 1319}
  
pwr = 
{  162,  179,  197,  214,  231,  249,  267,  286,  303,  322,  344,  367,  389,  394,  402,  412,  439,  454,  469,  483,
   500,  517,  556,  575,  593,  612,  622,  632,  672,  684,  728,  744,  761,  778,  820,  839,  885,  905,  924,  943,
   991, 1016, 1067, 1093, 1119, 1145, 1193, 1220, 1275, 1304, 1337, 1372, 1427, 1461, 1525, 1562, 1599, 1637, 1692, 1731,
  1802, 1848, 1891, 1936, 1999, 2045, 2153, 2201, 2249, 2298, 2368, 2424, 2545, 2604, 2662, 2723, 2792, 2854, 2985, 3047,
  3191, 3269, 3348, 3427, 3508}
  
attr = 
{    5,   10,   17,   22,   27,   35,   45,   50,   55,   60,   68,   76,   84,   92,   94,   95,  103,  108,  112,  116,
   123,  129,  140,  147,  153,  160,  166,  171,  186,  192,  208,  219,  230,  238,  253,  259,  274,  279,  284,  290,
   304,  317,  339,  353,  366,  380,  401,  416,  440,  454,  471,  488,  514,  532,  561,  579,  598,  617,  643,  662,
   696,  718,  741,  765,  795,  818,  866,  891,  916,  941,  976, 1004, 1059, 1089, 1119, 1149, 1183, 1214, 1274, 1307,
  1374, 1413, 1453, 1493, 1534}